MAE_train = 91.4419937473  STD_train = 9.79840240156
MAE_cv = 143.70775472  STD_cv = 12.2346784439
MAE_test = 155.943586426  STD_test = 5.59216492932
